0  18  17  5  23  9  24  5  11  18  2  5  9  1  2  3  21  0  9  16  17  17  15  16  12  8  22  16  7  20  3  1  21  19  20  17  20  20  7  3  23  19  9  3  5  14  0  3  9  4  21  5  22  21  7  2  24  17  3  10  17  17  3  0  21  18  7  14  20  1  8  9  23  24  2  6  4  19  5  13  19  2  1  9  2  14  19  19  24  2  0  15  1  1  24  13  6  3  0  19  
15  0  22  8  11  0  12  19  11  23  7  1  19  17  23  4  1  22  16  14  7  21  12  14  1  9  16  6  13  18  16  9  20  20  0  16  18  13  1  18  15  23  20  23  2  2  12  24  9  16  20  24  13  10  3  21  8  20  24  15  22  23  19  22  7  21  19  3  16  13  23  16  23  24  5  11  2  2  7  11  9  5  23  1  1  16  6  8  5  19  6  3  24  14  1  22  2  16  13  1  
21  0  0  18  15  21  19  10  16  9  21  13  15  20  0  13  0  6  19  3  12  10  5  19  11  19  20  3  1  12  0  6  22  1  20  10  20  18  19  12  17  19  23  23  17  18  23  19  9  3  21  7  9  2  20  24  13  9  4  22  6  15  17  13  1  20  6  9  9  8  16  6  2  9  24  16  13  2  11  22  21  3  22  13  23  15  20  0  16  2  19  6  16  20  7  16  24  10  9  0  
22  22  23  0  15  23  8  18  6  22  22  12  18  4  13  2  19  4  23  23  7  3  21  3  1  11  11  3  3  19  17  18  1  0  12  23  2  0  15  12  12  17  23  9  0  2  12  9  12  9  14  23  16  18  16  12  3  4  19  15  6  4  10  9  21  0  20  2  22  22  20  12  5  22  2  4  13  9  1  6  22  20  10  13  19  17  17  8  13  9  8  3  10  21  3  11  11  14  18  8  
0  13  4  3  0  9  9  0  9  14  24  6  7  18  20  6  6  16  6  11  7  5  24  7  7  8  16  16  22  5  6  0  14  8  5  24  1  9  4  16  10  10  9  22  7  12  5  9  20  16  3  2  13  24  12  10  18  23  4  13  6  18  7  1  9  5  6  22  8  7  20  10  3  1  16  18  4  23  8  19  14  10  19  24  12  8  11  14  2  17  16  12  20  3  20  15  7  8  18  13  
7  24  1  16  2  0  9  22  20  23  4  19  8  18  5  17  6  1  18  6  20  17  3  22  20  19  13  18  1  15  13  10  19  19  12  14  19  3  17  6  20  7  18  16  6  15  12  4  3  1  6  17  15  18  24  2  9  0  18  21  1  21  13  22  6  13  3  1  18  15  2  17  21  13  0  9  6  5  1  15  11  20  20  4  3  15  9  7  18  2  21  5  24  12  2  9  0  9  14  15  
21  7  13  22  19  3  0  15  20  22  9  2  17  12  2  12  22  8  0  2  13  12  16  6  20  15  9  7  13  17  17  22  10  14  6  5  6  22  23  12  9  10  7  24  16  20  12  5  9  24  7  2  2  7  7  16  18  12  21  4  14  18  8  10  20  16  4  9  1  2  6  12  16  22  5  23  16  10  18  11  0  5  6  11  23  8  5  0  11  17  13  4  19  15  20  6  13  9  0  23  
3  16  22  6  23  12  7  0  15  12  14  3  6  13  7  18  15  9  21  2  16  14  15  17  10  10  17  1  8  0  9  21  22  13  16  15  15  8  18  20  10  22  16  0  20  14  5  16  23  22  16  20  4  1  6  3  23  2  9  15  24  12  5  18  21  15  15  0  23  16  3  2  2  13  8  23  5  6  3  13  13  17  18  16  12  8  13  12  16  19  13  21  23  18  13  14  24  16  11  21  
0  12  0  16  9  16  24  7  0  21  13  8  6  13  0  10  13  20  5  15  12  7  3  18  17  6  19  11  6  17  5  15  7  11  18  14  15  24  4  3  13  20  6  12  16  15  5  10  22  19  6  0  12  4  11  22  16  0  15  0  0  2  17  17  21  17  11  0  19  6  11  14  6  12  21  14  22  13  4  17  17  4  24  5  6  5  18  18  21  0  18  17  23  2  14  16  13  19  10  12  
7  5  6  1  23  22  6  0  16  0  18  3  20  9  11  17  24  11  14  3  0  13  6  11  5  22  14  15  12  19  8  5  1  14  4  9  24  6  0  15  20  14  0  21  20  20  0  19  21  2  10  10  11  9  0  0  21  5  9  17  22  3  12  15  13  6  8  2  5  9  12  16  23  21  14  4  22  16  10  15  22  22  0  18  19  3  7  1  8  0  12  17  10  2  20  22  12  1  10  3  
5  24  4  6  1  24  17  1  4  6  0  3  19  19  17  15  6  9  14  20  21  19  18  20  15  22  11  23  13  16  2  21  18  24  11  12  12  18  3  2  5  1  9  12  20  17  18  21  10  24  19  14  2  18  24  17  10  15  7  14  4  7  0  20  11  11  15  2  24  4  2  19  23  15  15  9  5  15  13  9  21  0  7  24  17  0  7  15  8  10  17  11  15  19  24  4  12  17  22  11  
12  10  14  9  9  15  16  4  19  1  17  0  12  6  7  8  22  12  4  13  16  18  8  18  8  7  13  21  13  19  0  6  16  5  9  14  7  5  1  23  14  13  2  20  2  11  9  24  23  14  15  14  13  18  1  20  9  21  17  13  3  21  6  14  22  22  24  5  8  4  21  19  4  13  23  23  15  20  9  19  14  19  3  20  24  22  8  7  5  12  19  3  11  5  5  22  9  23  24  8  
22  15  21  13  2  18  2  1  11  24  12  8  0  4  11  20  19  14  1  0  15  5  24  4  6  24  21  22  14  15  0  11  10  7  14  24  20  3  1  13  3  9  14  15  23  20  24  0  12  0  12  9  16  21  24  4  5  12  15  10  9  22  1  23  5  21  12  20  18  24  15  0  11  19  18  7  15  18  8  8  0  0  12  22  6  1  5  3  15  17  6  0  16  5  12  1  8  2  23  7  
7  16  9  18  23  11  15  15  19  16  22  2  7  0  3  0  16  11  15  9  18  23  22  3  23  2  10  12  2  14  9  3  9  11  3  8  13  17  3  4  3  2  13  9  1  9  1  1  20  22  22  20  2  10  6  1  1  0  13  2  3  9  12  13  14  20  22  1  10  11  24  8  24  11  24  7  24  9  18  13  1  8  10  24  18  18  6  15  23  1  22  12  16  12  20  4  17  24  12  14  
15  20  14  9  24  6  14  8  15  1  8  1  13  16  0  15  22  20  21  7  1  1  22  3  1  7  7  18  6  16  11  18  18  14  1  1  1  17  23  11  5  15  13  22  20  18  22  20  23  17  11  12  19  22  10  6  11  4  15  20  22  7  1  9  23  19  22  11  6  8  12  23  5  10  4  16  13  9  20  18  18  20  21  23  3  11  5  13  19  20  2  24  22  19  18  19  5  21  16  16  
18  23  4  11  8  21  10  23  10  10  17  15  8  20  13  0  4  18  10  15  2  13  8  13  21  24  15  7  11  18  8  4  10  16  6  7  17  10  2  1  7  1  4  23  4  15  12  8  2  9  9  17  19  1  9  24  9  7  14  12  18  7  18  4  17  12  23  5  21  16  4  8  13  0  22  14  20  8  7  15  24  10  15  8  20  4  17  8  10  20  8  2  19  22  16  21  4  24  24  5  
12  19  15  20  16  2  9  20  7  5  16  19  20  4  17  3  0  18  15  1  6  5  18  6  13  22  10  6  11  8  14  20  10  12  0  7  19  13  11  3  12  16  6  0  22  12  22  16  8  6  17  7  6  1  18  12  24  15  18  5  17  3  7  0  3  9  7  6  3  15  14  2  6  20  5  23  23  23  6  0  18  22  3  24  8  1  6  11  3  11  9  7  17  16  5  21  20  14  10  16  
10  9  23  20  22  18  10  24  7  23  15  17  18  19  15  16  6  0  5  17  1  23  17  11  11  12  14  1  6  13  5  8  6  15  7  17  11  8  4  18  0  24  4  5  19  22  7  8  21  10  11  14  1  16  21  21  11  23  1  0  0  3  16  11  18  4  4  0  20  23  10  22  7  17  18  1  15  22  11  16  12  4  1  2  6  12  9  13  20  16  15  12  7  12  19  4  19  8  7  3  
10  9  6  4  18  17  23  17  6  6  21  20  18  19  24  8  10  5  0  4  21  20  12  5  13  9  22  9  23  22  10  21  4  12  21  2  0  17  5  6  15  5  0  14  8  6  16  9  1  23  17  2  18  24  6  19  12  8  20  20  20  20  2  10  0  4  20  15  20  13  7  9  13  1  16  19  4  6  0  6  2  24  2  0  4  10  3  2  7  18  11  2  24  23  2  9  24  14  24  15  
3  14  23  4  6  17  24  23  17  21  9  16  6  12  16  20  17  22  15  0  15  3  5  21  6  9  22  12  24  17  10  6  20  24  11  0  12  3  23  1  3  9  11  23  24  15  4  18  1  18  21  11  17  14  24  19  21  4  13  7  4  7  23  10  22  0  24  23  10  3  7  5  21  22  10  16  13  13  3  24  14  22  14  24  22  4  15  19  19  17  14  4  6  21  1  1  20  20  8  1  
9  22  12  12  6  20  7  3  10  22  11  0  12  2  17  12  18  23  16  10  0  16  11  4  12  19  11  5  13  10  23  21  11  4  6  9  0  13  6  13  7  15  23  10  22  14  14  7  16  8  9  12  9  21  2  13  5  5  8  0  24  11  8  21  3  9  19  9  13  22  0  8  6  11  17  14  10  20  8  6  6  23  14  1  14  6  22  21  9  20  16  13  19  13  1  4  7  16  16  8  
22  5  5  3  0  4  4  13  5  16  21  0  9  12  17  18  9  13  14  7  21  0  22  10  16  20  17  4  13  3  20  7  18  22  11  0  2  5  13  7  11  10  22  1  23  1  23  14  16  0  0  3  4  8  4  12  17  2  8  19  23  18  22  11  15  12  18  23  14  6  14  9  14  2  19  21  13  20  9  1  17  24  8  6  13  9  15  8  13  22  19  4  7  9  13  21  16  22  12  0  
24  1  13  21  8  5  24  18  1  13  3  22  13  16  13  21  14  21  23  3  10  2  0  9  12  2  17  6  20  9  5  3  24  10  1  8  2  4  21  7  7  4  22  6  10  4  0  12  18  14  1  5  1  13  17  18  23  14  15  22  9  14  24  9  4  21  21  11  23  1  20  4  6  1  2  5  12  10  11  18  16  22  14  24  9  3  3  4  7  8  9  20  16  1  6  18  4  23  13  22  
6  5  18  22  9  0  18  24  11  3  19  20  15  18  9  18  13  21  14  1  10  18  23  0  2  23  6  15  20  21  10  23  19  0  14  13  2  24  9  21  10  5  12  10  0  12  1  5  12  22  18  9  7  17  21  6  9  23  8  18  19  14  19  7  8  4  19  5  23  17  16  20  10  16  10  4  19  1  8  17  6  9  12  7  23  5  8  22  19  22  7  21  19  3  15  19  12  16  21  20  
4  11  18  7  2  5  10  11  14  24  9  19  13  15  22  15  6  21  16  8  20  12  5  22  0  11  16  13  18  6  23  0  13  14  7  7  3  21  17  20  16  14  16  4  16  3  4  6  21  18  24  12  2  10  20  10  10  24  4  7  7  8  6  3  13  11  23  15  5  19  3  22  0  18  16  24  8  15  1  11  18  19  9  1  3  14  12  2  22  6  4  24  17  5  16  13  13  9  19  6  
19  18  23  17  17  22  3  4  9  20  1  15  14  4  8  3  16  12  21  18  8  0  13  5  11  0  10  19  10  19  2  1  5  10  19  17  14  11  2  20  6  6  7  1  17  1  3  4  5  4  1  7  16  21  20  3  15  4  16  9  12  16  24  21  7  24  21  9  5  22  6  6  0  4  8  21  22  23  3  8  6  18  17  2  12  18  3  21  4  2  19  9  13  10  8  12  4  11  7  10  
23  7  11  22  14  23  0  8  8  19  20  15  17  10  20  11  9  2  17  6  5  20  19  21  17  24  0  18  7  12  3  9  23  20  6  6  12  22  18  23  5  3  21  14  8  14  11  17  5  5  20  15  7  1  0  11  1  6  6  13  8  5  10  2  5  24  11  3  6  9  1  21  13  12  8  23  3  13  22  20  16  16  15  12  11  13  14  1  4  17  7  2  17  19  22  6  19  6  13  4  
4  2  17  9  10  12  14  4  8  4  1  23  20  10  7  6  16  10  19  4  24  8  20  3  11  10  14  0  17  23  6  1  1  19  22  2  24  13  8  7  1  1  6  24  5  18  2  9  12  8  19  15  24  7  21  9  14  21  16  22  7  21  16  13  10  0  0  6  1  16  23  2  0  5  18  1  21  13  20  8  13  16  3  22  15  2  2  1  3  14  22  1  18  10  9  11  3  11  17  0  
9  22  23  14  4  12  13  16  21  19  24  9  11  20  4  15  23  21  19  10  19  19  11  15  19  3  7  17  0  15  2  22  23  8  12  21  1  13  2  23  22  5  1  5  8  15  2  3  8  3  3  1  20  9  23  21  3  21  14  18  20  2  20  14  17  20  22  23  6  10  20  1  11  7  7  9  15  8  5  23  19  19  14  21  19  3  6  16  24  17  18  22  6  21  18  21  11  3  22  0  
0  16  11  20  18  8  21  20  2  2  11  4  7  12  7  14  17  20  11  9  23  19  9  12  15  9  15  4  13  0  5  14  14  20  21  21  2  18  7  18  3  4  12  20  5  0  3  0  13  23  16  16  2  19  21  14  7  7  24  5  3  24  15  8  5  4  0  13  14  18  20  0  12  3  2  15  12  16  8  0  17  24  16  18  21  22  8  23  17  14  0  3  20  0  24  0  20  6  9  6  
22  0  1  1  1  6  18  21  18  18  21  7  20  22  10  17  5  13  13  13  19  19  6  20  3  3  11  24  11  15  0  18  11  24  4  8  6  20  14  6  4  18  22  0  16  1  18  0  18  12  0  7  3  9  7  11  15  2  4  24  7  22  7  0  6  11  4  17  6  12  4  6  17  15  16  3  11  1  6  22  14  8  3  7  0  11  7  16  20  12  7  0  24  4  13  2  7  18  22  2  
3  11  24  2  15  7  13  22  0  19  22  18  11  7  4  4  4  17  22  22  0  19  2  9  4  15  16  11  19  16  6  0  11  19  7  12  16  17  14  4  17  20  7  21  0  12  19  23  16  20  24  22  17  1  14  20  17  7  7  3  9  1  13  8  4  24  0  1  4  22  3  13  24  22  9  5  5  2  5  14  15  7  0  21  11  16  7  12  2  11  24  18  4  23  23  16  18  0  10  6  
12  14  7  20  5  2  1  23  23  1  7  2  9  6  9  12  17  4  23  16  5  15  10  21  11  2  21  0  19  19  2  24  0  18  19  24  15  13  1  2  21  1  12  15  4  19  1  18  23  4  1  23  23  10  11  19  14  7  2  7  7  21  15  20  14  22  21  15  19  2  11  0  8  1  19  3  10  12  16  18  20  14  19  21  18  15  21  13  5  23  4  19  5  24  13  10  11  18  12  13  
15  2  10  16  9  18  13  16  15  7  17  4  2  16  4  12  14  18  1  6  9  7  23  6  10  9  0  14  22  5  12  9  16  0  5  3  5  24  24  8  2  18  0  13  5  21  3  11  23  4  5  18  12  9  2  3  9  11  7  17  21  2  24  18  13  12  14  9  7  15  1  3  3  18  11  5  12  17  17  14  3  7  12  20  7  15  11  1  3  15  16  0  12  23  20  5  3  11  19  13  
10  23  8  10  13  3  13  17  8  4  18  21  16  18  20  0  6  3  12  12  5  7  13  12  4  19  6  4  13  19  4  6  24  19  0  20  17  12  9  0  2  15  15  24  23  6  0  1  6  20  23  16  16  20  9  21  24  3  20  1  8  4  16  20  6  12  11  7  18  3  9  18  11  14  6  24  5  14  3  17  16  3  4  4  22  7  3  24  12  0  9  5  15  19  0  11  5  9  6  10  
8  15  18  1  0  23  5  22  17  15  24  14  15  14  2  21  18  11  13  8  12  8  17  10  20  17  4  1  1  8  4  20  22  19  16  0  4  2  9  9  14  22  22  19  24  19  6  21  23  21  9  12  3  4  9  9  9  6  5  14  9  10  0  21  9  5  19  23  24  8  6  23  21  10  4  2  6  14  6  6  6  8  0  0  17  6  22  14  15  1  1  6  20  18  3  9  5  16  5  23  
19  0  17  17  0  9  7  18  16  20  9  24  7  15  9  13  18  20  20  19  6  21  20  0  24  9  9  23  3  5  6  16  15  9  13  12  0  14  5  13  5  2  5  12  13  12  23  4  1  0  1  3  10  22  9  7  0  18  1  22  24  9  12  1  20  9  2  6  6  21  9  2  19  16  15  23  22  13  17  18  13  1  11  4  5  14  2  14  2  0  24  19  8  2  6  11  11  3  6  4  
6  0  15  24  4  9  3  4  15  10  12  2  12  7  6  16  3  16  14  23  3  16  17  1  18  13  0  18  15  7  20  11  2  9  11  20  20  0  9  12  7  9  1  9  22  6  2  4  6  1  19  24  16  14  17  4  12  11  24  14  12  20  24  14  22  13  14  22  4  14  15  0  0  21  21  13  11  22  11  7  18  24  19  17  5  8  13  19  3  18  20  0  14  15  10  1  11  11  0  8  
19  5  22  14  9  19  16  22  7  9  9  17  16  2  21  23  22  22  4  1  12  0  6  24  22  16  14  10  6  19  24  21  21  4  2  23  0  7  0  13  6  2  24  12  1  4  19  5  16  22  18  2  11  7  13  2  15  7  22  21  19  6  3  2  13  4  5  12  3  23  1  24  8  23  6  3  18  16  11  3  24  21  6  7  5  4  10  11  12  9  1  14  1  10  19  6  7  5  21  7  
22  14  5  5  18  17  6  15  1  1  10  4  1  15  21  12  2  18  10  8  23  20  23  6  20  1  22  22  0  6  15  15  5  10  8  4  24  4  24  0  6  23  11  24  17  24  20  16  15  2  19  8  5  6  4  7  12  0  7  15  23  18  9  17  19  1  7  2  1  15  20  13  10  8  8  21  7  20  13  10  20  15  5  21  1  13  20  6  13  0  9  22  8  8  1  13  13  20  2  1  
11  2  18  16  22  14  4  19  21  1  20  21  3  20  12  0  22  11  21  19  1  17  7  4  6  21  0  14  13  23  19  20  16  24  7  14  11  17  12  20  0  22  9  22  1  3  3  11  15  11  21  1  16  6  5  10  15  0  19  15  8  19  20  21  10  13  10  19  19  10  0  18  23  23  11  5  6  24  8  6  20  20  9  16  22  22  17  17  18  3  21  11  19  22  13  22  0  22  13  18  
11  13  1  17  19  23  21  7  16  18  19  4  20  7  22  0  2  21  9  20  13  10  7  1  9  15  9  18  3  0  4  16  19  18  20  5  18  1  6  6  10  0  2  3  11  20  19  18  10  13  21  19  24  14  11  5  22  5  8  7  8  7  4  19  22  15  12  18  0  1  0  8  0  22  5  5  13  11  6  8  4  10  1  24  5  2  9  8  24  13  22  0  11  12  9  9  11  5  2  20  
21  4  16  23  13  22  16  22  8  24  7  10  5  14  10  15  23  10  24  20  19  8  7  18  21  11  6  15  21  16  4  21  14  14  24  10  9  20  16  12  6  14  0  0  4  2  8  17  0  15  19  18  13  13  20  19  24  16  2  20  2  22  15  8  20  22  20  2  8  14  5  0  20  17  12  24  6  15  12  5  8  22  13  22  18  2  11  0  3  6  12  22  2  24  17  19  11  20  9  13  
10  0  19  14  3  10  6  4  11  2  3  23  9  23  11  11  3  7  2  0  24  10  4  16  10  4  0  4  22  5  21  11  7  10  16  11  6  23  22  15  1  3  10  0  12  21  8  5  17  13  19  21  4  22  19  1  3  1  19  1  1  4  11  22  19  22  4  8  23  13  5  11  6  15  12  21  9  17  3  3  16  0  5  8  19  22  15  10  2  4  3  24  6  15  16  5  14  5  13  6  
15  22  4  10  18  11  21  7  17  19  19  12  18  8  18  1  9  11  23  15  23  5  4  18  23  15  6  20  23  21  22  21  18  10  17  8  9  1  24  20  13  6  15  21  0  24  1  24  13  18  11  24  2  9  0  4  1  6  4  12  20  21  2  18  5  21  14  12  18  12  6  12  16  5  15  0  13  7  4  23  0  3  21  22  22  5  10  5  15  2  11  8  24  7  23  23  9  20  14  5  
6  16  19  24  3  18  9  3  2  19  12  11  15  18  14  0  5  12  17  0  16  19  24  20  20  19  4  15  9  16  3  0  4  5  22  0  0  21  1  15  22  3  7  1  7  0  5  18  24  14  13  8  0  21  20  21  6  23  6  24  1  16  2  23  24  4  2  24  24  21  11  12  23  14  19  15  7  8  7  2  23  10  22  11  2  18  4  10  10  3  14  22  5  16  5  22  3  2  24  18  
4  5  9  9  13  17  11  16  10  19  16  10  1  21  18  19  5  1  9  0  22  23  24  16  6  10  7  18  17  18  10  5  6  1  18  12  15  9  10  14  9  7  0  19  6  2  0  5  5  22  8  5  1  19  20  16  3  3  20  9  14  8  17  2  11  6  7  0  20  24  15  13  22  3  18  12  10  10  20  10  2  19  21  6  0  6  1  24  23  16  23  0  0  11  12  2  9  19  10  13  
11  10  4  8  16  9  11  5  19  4  5  13  15  1  14  13  4  1  0  11  23  8  21  17  1  23  23  11  21  7  22  17  17  24  23  7  20  19  19  15  13  0  8  24  20  19  20  0  1  8  8  14  12  6  1  24  7  4  5  8  11  24  6  18  9  14  12  0  18  17  12  1  18  9  8  10  11  3  22  6  11  15  7  0  2  22  9  4  23  13  21  17  10  20  8  5  6  0  16  12  
9  22  1  5  18  5  5  16  20  18  5  16  13  24  11  19  13  4  9  18  2  10  22  10  14  12  12  15  8  6  2  9  10  8  22  23  24  8  11  5  3  20  13  24  20  20  23  13  0  13  12  8  15  16  5  23  21  2  2  6  11  16  18  18  5  15  18  14  0  8  20  5  2  13  8  20  0  21  3  3  19  11  22  15  14  17  21  19  2  23  9  4  9  4  12  23  4  7  4  9  
24  0  10  18  18  24  22  9  8  2  8  7  24  8  22  23  7  5  3  19  2  1  11  6  2  17  0  22  11  17  15  12  20  17  2  5  6  23  5  6  14  0  6  13  14  12  1  14  19  0  3  2  21  21  12  16  5  5  21  19  4  10  23  18  20  22  11  5  10  15  20  22  18  2  17  23  17  12  23  22  18  24  8  12  18  1  3  12  19  8  16  2  10  10  10  0  18  13  8  24  
17  16  2  19  9  5  24  13  1  7  6  6  2  21  4  14  5  10  12  3  18  5  20  11  7  16  5  5  23  3  8  7  14  6  2  6  15  17  16  12  6  20  12  8  12  6  15  18  13  14  0  16  20  3  11  18  21  14  10  14  5  16  3  2  14  22  15  7  6  16  14  9  20  5  21  9  11  20  5  14  1  0  4  20  20  18  6  16  7  2  13  13  17  13  12  16  13  15  3  15  
2  21  23  3  13  22  18  17  1  3  21  24  2  22  6  1  24  6  1  1  24  2  24  14  10  10  16  8  7  0  23  16  4  10  8  13  9  8  4  3  1  18  18  13  4  8  3  16  1  22  12  0  0  21  5  7  22  6  12  14  23  12  12  9  9  12  10  8  5  11  0  22  23  2  23  4  5  7  9  21  23  3  8  18  7  23  23  3  19  9  7  2  14  8  7  12  20  19  17  22  
7  17  21  5  3  7  23  11  4  17  21  0  8  4  5  20  0  15  18  4  19  15  2  0  22  2  13  11  20  12  24  3  8  5  16  23  16  10  10  6  12  8  15  23  10  23  18  14  11  1  21  5  0  22  13  3  9  23  4  12  9  2  19  21  12  4  19  10  24  7  16  4  9  17  12  23  13  0  21  20  5  3  14  17  7  5  8  8  10  21  10  19  15  15  10  10  24  10  24  12  
8  21  7  22  0  18  17  2  23  7  10  20  2  24  23  6  13  9  12  14  5  3  11  19  13  23  0  17  15  14  22  15  22  15  23  0  13  5  6  14  9  0  2  8  17  18  21  7  21  9  0  20  10  0  12  22  24  5  20  21  24  18  0  12  1  0  10  18  13  10  8  6  2  13  3  9  15  19  4  16  12  15  7  5  5  10  22  4  18  19  9  19  6  7  9  7  21  8  8  6  
9  24  11  7  21  8  18  17  19  7  13  21  14  15  20  20  0  1  6  7  3  14  12  3  20  20  6  9  22  12  16  7  1  20  21  8  0  17  20  23  2  1  1  15  6  17  2  5  13  9  14  21  4  12  0  24  4  13  24  14  8  12  12  10  18  15  9  12  22  19  19  5  4  6  2  7  23  19  7  8  3  0  20  20  2  13  13  7  4  6  20  21  22  2  20  2  22  3  23  14  
22  13  10  16  4  10  22  19  17  3  14  3  4  17  17  15  21  0  15  17  19  1  0  22  11  18  11  0  5  23  9  3  12  10  14  6  24  14  15  12  0  12  13  13  18  12  20  9  13  7  18  15  13  19  24  0  14  15  0  24  10  23  1  13  4  15  22  0  17  15  4  17  21  20  11  6  5  18  8  20  10  7  16  0  14  13  23  19  19  21  1  0  21  11  10  6  21  11  22  19  
2  5  6  9  12  19  7  3  9  8  0  7  11  18  21  24  4  18  6  10  15  22  5  17  2  10  12  0  4  6  20  11  19  3  13  19  2  16  5  16  6  0  14  22  14  16  10  15  16  23  18  13  20  23  19  24  0  23  11  3  5  1  22  19  21  22  24  21  14  19  10  16  14  14  6  12  11  3  24  4  19  20  4  24  9  21  15  9  21  4  17  14  14  20  11  12  6  10  13  15  
11  22  21  6  0  5  16  9  23  13  24  2  4  21  17  7  14  19  6  21  17  2  2  11  21  3  14  12  6  5  14  4  20  0  4  7  23  23  13  17  12  23  8  14  21  21  0  10  14  0  4  8  15  0  2  2  17  0  12  3  6  2  20  1  16  1  6  9  1  0  9  2  5  5  23  21  15  8  20  13  12  19  17  14  14  18  13  1  9  23  23  22  9  17  21  14  14  19  4  21  
4  10  12  24  2  22  21  21  1  10  23  15  20  13  11  7  21  7  21  9  19  8  18  22  5  9  3  8  21  12  5  17  13  8  16  19  1  18  9  7  18  0  19  24  10  16  22  7  5  18  8  1  11  8  8  0  22  2  0  21  8  10  22  16  19  21  14  23  24  24  8  23  7  13  11  24  12  0  15  8  1  10  3  22  1  21  22  13  4  14  20  7  20  15  12  7  14  13  7  15  
4  23  23  18  9  19  1  10  13  1  8  13  17  22  18  4  20  1  10  11  21  6  13  4  11  24  19  10  24  0  0  24  15  2  9  1  18  10  18  23  1  7  6  2  7  20  9  0  6  6  21  0  16  22  20  14  18  1  2  0  7  0  16  5  16  22  8  22  15  23  2  11  19  12  2  17  13  10  24  2  14  23  18  13  24  5  0  1  16  23  4  12  19  15  8  11  8  10  22  20  
14  7  1  10  18  21  24  17  22  12  9  1  23  23  19  16  5  18  12  15  20  23  10  8  23  17  19  2  15  22  5  10  12  4  6  2  10  21  10  14  19  9  2  2  1  7  23  20  9  9  23  12  2  6  24  11  15  11  12  18  0  20  24  3  14  22  22  2  8  12  13  1  10  0  11  13  8  12  18  3  10  18  9  2  2  14  2  19  5  3  22  14  17  15  16  11  3  7  1  24  
3  7  5  24  11  5  19  16  9  7  9  11  11  13  20  11  9  13  18  2  14  15  17  4  4  1  17  7  20  8  13  19  18  16  17  10  24  23  17  1  21  23  19  24  22  4  15  14  2  2  16  20  8  1  8  10  13  14  21  14  0  0  5  19  14  2  14  20  2  7  4  21  12  4  17  19  19  23  22  4  21  0  13  15  24  18  4  20  24  20  6  18  15  12  11  18  6  21  16  2  
6  1  23  12  23  7  5  2  16  23  16  8  16  2  6  10  24  21  5  12  14  22  8  14  23  18  22  24  24  1  15  21  6  5  1  16  5  8  11  23  16  10  18  24  23  10  22  8  15  0  7  16  4  9  10  11  22  10  13  13  21  5  0  23  0  18  3  2  21  3  9  11  17  16  11  2  15  3  18  6  17  19  9  20  13  22  13  23  10  21  11  22  17  13  22  15  17  20  17  1  
15  3  10  10  12  9  7  21  24  0  9  13  1  5  6  12  21  13  16  15  3  3  4  6  2  3  15  22  20  24  8  13  16  3  8  0  22  7  24  6  16  8  5  18  0  11  2  20  11  19  5  4  5  3  0  8  19  0  24  18  23  7  15  0  8  18  21  9  14  2  2  20  7  3  19  21  10  24  19  1  23  24  3  23  0  3  10  4  9  11  14  19  15  23  3  1  6  18  16  18  
18  6  19  22  0  3  20  15  13  8  23  6  8  5  23  18  12  4  6  11  2  20  0  16  0  21  13  20  24  11  24  16  0  12  14  16  3  14  21  17  12  1  9  14  19  13  8  3  3  10  8  12  23  6  0  9  22  22  13  15  3  14  14  20  0  1  18  12  0  0  19  15  3  20  6  0  11  12  7  14  23  12  11  9  17  2  21  10  10  24  11  16  14  9  15  20  8  13  8  16  
19  13  8  13  1  9  8  9  18  18  14  13  20  21  0  13  5  2  0  9  17  0  3  21  16  24  8  22  13  6  17  5  5  14  2  4  0  23  12  18  23  8  22  8  3  14  22  2  13  7  14  3  17  9  9  22  12  9  4  21  8  21  24  23  9  0  18  12  15  24  11  3  14  0  2  17  15  8  23  10  12  17  13  22  14  22  16  7  7  16  11  23  19  3  24  23  18  19  22  8  
20  16  15  18  18  12  24  12  12  23  20  4  7  24  3  20  11  8  15  4  14  10  8  2  8  9  5  14  2  18  4  21  11  9  17  10  13  11  12  17  6  18  21  15  15  6  0  23  22  15  14  6  11  7  4  18  20  17  3  21  10  3  9  22  4  8  0  7  11  20  20  18  0  16  9  19  10  14  9  22  17  0  21  0  15  0  17  4  1  2  0  15  20  18  10  10  8  19  15  11  
15  4  4  13  1  18  13  14  16  1  0  3  9  6  19  7  17  20  14  14  17  5  20  21  0  13  4  19  5  20  1  20  14  22  8  1  11  1  0  0  15  1  19  22  5  7  3  21  2  8  6  19  6  2  14  24  19  10  14  16  12  24  18  22  8  8  19  0  23  24  4  24  6  21  9  1  16  24  12  0  2  5  2  19  12  18  22  15  16  18  5  3  9  4  9  8  14  8  1  6  
9  17  6  6  5  23  23  24  18  1  22  3  2  20  0  13  21  22  6  0  14  8  3  21  16  17  17  5  6  3  23  23  3  21  7  16  17  12  6  21  23  8  4  4  20  0  22  15  15  19  10  18  20  0  6  10  0  24  7  6  21  20  9  22  16  12  5  10  0  13  14  21  2  17  14  15  6  22  16  0  5  7  1  23  8  21  18  16  16  14  19  8  12  19  0  20  13  17  17  11  
21  8  20  4  3  14  10  1  16  17  23  10  7  8  16  0  20  22  8  22  21  15  13  3  18  23  0  20  0  12  6  1  10  1  12  8  3  23  21  14  15  1  20  12  23  11  8  6  13  13  2  11  17  10  17  17  6  9  16  4  21  0  4  24  14  15  19  24  18  0  10  23  19  12  11  21  9  23  20  8  21  11  22  9  0  21  10  4  17  2  13  5  13  16  11  23  3  12  14  16  
23  0  5  13  24  9  6  24  4  6  19  5  21  12  2  20  22  11  19  7  4  17  15  3  3  3  12  13  21  0  21  23  8  14  10  5  7  14  6  23  13  0  7  8  12  8  19  21  10  24  6  8  13  20  15  3  3  13  10  4  8  20  12  14  1  6  8  3  23  12  0  21  15  22  21  21  21  5  5  0  10  0  20  14  21  4  16  24  8  6  9  6  8  13  9  10  0  18  19  9  
18  6  2  0  17  0  14  21  11  24  11  11  9  9  5  23  0  20  21  3  15  2  16  15  1  0  22  22  2  21  10  6  3  7  7  19  19  14  17  2  1  1  24  10  12  10  13  10  11  4  11  14  6  8  17  3  10  1  16  8  19  15  11  19  22  16  24  8  4  0  6  0  12  12  8  14  7  0  12  24  4  9  17  9  20  0  13  21  3  24  3  22  17  0  17  0  8  22  20  21  
20  22  17  10  11  8  5  16  17  7  23  4  4  9  12  18  7  14  11  0  12  23  11  12  13  6  16  17  4  24  9  18  8  24  19  3  3  8  7  4  19  15  10  12  11  3  9  3  15  5  7  19  14  1  11  4  24  16  20  18  1  3  6  6  16  14  13  18  16  8  11  20  0  10  4  12  1  0  14  7  20  24  12  21  11  13  0  13  23  5  12  5  0  14  14  23  13  1  18  4  
2  10  18  2  8  1  1  15  13  16  1  13  8  4  9  20  2  18  6  11  16  4  10  23  20  14  4  2  5  6  14  17  7  20  16  20  16  10  20  9  20  16  16  17  4  14  4  4  19  9  14  22  13  2  20  6  10  23  5  14  19  24  18  3  14  11  20  2  23  0  2  24  18  0  9  14  15  17  9  3  6  18  2  15  10  8  0  17  14  9  19  13  11  8  17  1  17  5  0  21  
1  24  14  10  20  9  7  12  9  14  15  21  21  5  23  2  19  2  12  3  9  22  7  19  21  4  7  9  12  19  5  19  5  1  13  18  14  21  24  12  11  20  2  0  2  24  16  5  6  9  3  0  11  23  9  6  9  13  24  0  7  11  21  4  20  7  15  0  15  10  12  23  19  12  0  16  15  24  3  17  4  16  15  1  21  6  21  10  24  9  19  21  14  18  22  8  0  2  18  2  
8  21  19  20  23  2  21  23  24  6  24  15  16  8  6  7  16  19  3  19  6  13  21  19  24  10  16  21  7  22  9  7  0  4  18  2  18  7  16  7  24  9  13  3  3  7  17  16  1  11  22  4  13  19  16  4  17  17  13  11  12  0  19  1  20  21  12  22  16  0  10  5  20  10  20  0  22  10  7  11  18  5  18  24  15  11  23  22  4  7  17  24  22  18  21  9  13  5  20  5  
7  24  17  16  24  17  4  6  23  13  13  23  2  23  22  24  6  9  7  20  9  3  10  9  10  23  22  1  8  15  5  23  22  12  3  24  13  3  21  3  5  18  5  11  13  9  14  6  5  16  22  13  5  9  5  11  2  14  13  17  19  24  13  0  2  8  3  22  19  23  24  0  1  8  23  11  0  22  6  15  15  12  16  5  13  15  15  6  18  9  7  2  5  0  16  10  15  10  1  14  
1  16  22  7  6  20  8  15  20  19  19  3  12  18  23  9  5  15  0  0  11  2  5  20  14  2  18  13  22  8  15  0  23  8  17  16  23  7  5  24  10  17  10  9  2  18  23  2  1  1  3  10  18  22  4  20  4  14  19  1  10  0  2  16  10  22  11  12  9  17  12  22  1  7  13  10  7  0  19  5  10  16  17  23  10  24  10  11  6  24  6  4  6  14  8  10  7  5  2  18  
24  23  1  10  2  11  9  19  17  17  1  10  2  3  7  7  24  13  8  19  3  7  23  15  7  6  1  22  6  15  6  9  17  7  19  5  20  19  13  23  2  7  10  2  12  18  6  12  23  20  7  13  6  18  15  18  12  20  24  15  6  18  16  11  19  20  24  24  3  10  16  24  0  3  13  20  2  16  0  21  14  1  24  20  12  8  22  9  0  8  17  23  23  14  12  1  11  21  1  23  
20  5  24  5  2  23  9  8  4  16  22  3  3  17  11  21  3  7  15  9  4  1  23  12  23  11  2  2  1  8  4  5  13  1  4  15  20  4  0  7  0  10  9  16  11  7  11  1  22  10  11  3  15  9  23  15  8  24  9  16  15  10  1  3  8  23  18  18  10  1  3  3  21  10  5  8  8  0  10  0  21  6  0  18  24  24  9  23  2  15  18  21  15  4  2  2  19  23  2  11  
5  22  15  18  0  19  9  4  6  19  4  6  19  19  20  24  19  9  21  15  16  15  16  0  11  20  19  21  23  24  23  16  20  16  3  21  22  0  1  17  12  23  2  17  11  18  12  17  2  19  23  16  12  15  24  7  12  5  23  1  14  12  6  15  6  13  11  4  22  2  9  19  18  21  12  3  19  20  6  22  0  4  2  7  13  23  16  11  11  11  4  19  8  16  23  11  10  11  7  9  
11  16  1  5  21  0  12  4  23  9  24  15  10  18  22  2  21  17  2  19  22  15  23  12  10  1  16  21  15  14  6  17  8  18  1  5  17  6  2  7  12  15  3  10  17  15  8  7  12  14  1  7  13  6  12  0  20  6  11  7  23  9  20  18  10  8  22  15  4  22  6  6  17  5  17  4  23  0  15  16  2  0  11  10  5  2  1  23  24  14  18  13  0  15  10  13  7  4  2  10  
10  12  8  14  21  17  21  16  14  3  4  18  8  14  10  6  18  4  15  23  2  0  6  10  16  1  24  9  7  22  23  15  3  2  21  16  2  19  12  17  11  11  20  17  4  21  3  23  0  23  15  11  4  19  13  19  10  6  2  9  16  1  2  24  7  6  9  15  19  20  17  2  2  1  13  10  10  0  4  19  5  18  0  10  21  23  1  5  23  13  17  9  23  16  8  2  16  8  16  11  
9  13  23  11  10  24  22  8  18  13  13  4  7  19  3  12  3  14  2  16  7  14  2  17  10  10  21  5  19  11  19  10  15  7  2  20  7  3  7  4  3  9  7  24  5  5  5  2  17  6  11  6  10  23  12  6  3  6  17  11  17  13  1  7  5  11  15  11  15  18  12  22  13  8  16  21  6  7  22  22  6  13  19  0  3  9  22  13  23  18  13  17  14  9  13  2  1  4  5  0  
20  5  2  7  5  17  23  15  7  20  12  11  12  17  1  0  6  18  23  6  9  0  4  24  22  3  6  22  22  14  7  24  21  6  17  15  5  15  22  10  8  1  15  6  21  9  20  20  18  22  16  23  2  0  18  18  18  4  7  24  2  13  2  22  8  7  13  10  0  7  14  19  14  9  19  24  6  24  0  12  3  12  17  7  0  0  4  2  19  23  13  20  17  22  3  19  14  22  8  20  
0  6  4  21  13  7  24  16  10  17  5  21  7  7  20  3  18  24  16  7  1  21  1  15  2  4  9  8  16  8  6  6  6  2  3  16  4  12  12  12  21  19  3  18  4  16  20  6  4  19  9  2  19  19  4  3  5  5  17  23  20  18  9  20  3  7  22  19  1  9  15  11  4  9  11  8  6  3  19  4  15  4  1  13  18  0  23  5  4  13  21  18  17  9  23  13  20  14  11  10  
10  16  6  7  12  6  0  1  12  21  1  12  16  12  10  9  13  2  18  0  18  17  11  23  16  22  10  2  11  9  4  7  9  3  8  10  10  5  11  21  6  18  9  1  21  24  21  21  3  3  22  21  18  4  11  14  14  9  19  16  17  6  12  0  0  11  0  24  16  6  2  6  13  10  0  21  23  1  1  4  12  7  15  4  4  19  0  18  3  16  22  9  8  7  7  17  18  1  7  14  
24  12  8  11  10  21  23  20  5  15  17  23  9  20  18  15  22  7  5  17  7  8  2  12  15  21  10  23  15  21  24  6  11  17  22  13  0  8  9  17  12  4  21  11  8  0  13  3  21  24  3  17  19  1  6  11  0  13  12  14  12  12  5  22  19  9  5  7  1  5  7  15  5  19  11  1  24  6  15  20  14  24  7  0  0  23  20  0  15  11  5  7  15  4  12  20  19  18  18  5  
9  10  2  18  4  0  6  1  1  5  10  2  13  9  14  9  10  14  20  8  2  11  2  22  15  5  12  19  1  11  3  2  14  14  20  5  9  4  4  15  9  23  6  7  5  5  19  14  16  3  8  15  21  16  14  5  22  5  2  22  15  6  2  12  4  6  18  0  2  21  2  9  22  4  11  20  19  14  7  3  2  16  19  9  16  7  14  3  0  2  5  17  21  19  21  21  5  1  9  9  
12  18  9  10  24  9  1  11  1  24  19  2  6  23  17  1  12  1  10  22  22  0  4  22  15  0  17  18  1  11  15  13  12  13  24  15  2  16  1  21  10  21  17  9  7  17  12  0  14  0  8  3  13  4  16  13  18  15  10  17  23  14  5  6  24  2  1  24  5  10  17  24  9  16  5  16  16  19  23  2  20  11  21  12  19  8  24  1  6  0  7  0  21  12  23  13  20  15  16  8  
24  9  3  4  11  18  19  1  1  16  24  6  24  8  23  15  18  23  3  17  15  16  9  4  10  9  2  5  3  8  23  18  22  18  3  6  3  22  2  23  17  12  20  13  16  22  23  18  23  0  16  17  2  15  2  3  20  24  12  2  19  20  10  23  16  16  16  11  23  5  18  17  17  16  9  6  0  24  0  11  10  20  10  6  23  6  8  0  14  19  0  4  1  7  13  2  4  6  4  8  
7  5  20  4  19  16  23  18  18  2  8  22  3  19  4  14  20  3  16  8  10  14  24  7  10  16  15  22  4  23  6  21  15  11  8  24  6  17  24  15  17  6  6  17  5  6  13  20  7  24  23  15  16  2  20  11  5  6  2  18  18  16  13  15  22  21  2  15  7  7  6  17  4  13  2  11  23  13  24  2  9  1  19  12  19  15  11  3  20  3  14  0  4  16  2  0  19  22  11  5  
6  17  1  11  4  6  16  21  11  17  15  17  15  8  13  6  1  18  1  14  13  23  4  18  24  10  5  16  0  22  18  17  8  7  17  7  12  17  15  3  12  17  3  2  9  2  1  12  11  2  5  0  5  24  19  14  21  17  14  24  12  2  4  24  19  16  15  4  14  22  23  10  2  15  3  5  4  1  2  18  19  12  24  21  21  17  13  22  5  16  22  18  0  21  16  11  18  15  14  0  
12  11  2  11  15  8  6  12  24  21  13  20  18  23  7  2  7  1  9  8  3  9  18  11  10  17  3  8  16  21  6  16  12  20  11  19  19  24  0  19  0  24  1  0  23  20  7  16  22  24  0  15  17  24  24  10  11  5  24  16  18  7  17  11  8  7  6  22  6  4  7  8  9  18  20  13  13  6  11  4  18  16  6  12  0  5  10  10  23  7  7  21  15  0  6  11  16  6  4  6  
20  2  23  9  14  4  5  24  4  7  18  18  18  18  3  11  20  14  2  17  22  5  19  23  13  6  3  10  20  7  16  3  10  0  13  17  21  18  9  2  19  24  21  6  6  4  24  24  23  22  16  6  17  7  21  11  14  18  2  15  11  6  15  5  7  11  6  17  0  0  3  18  9  24  10  3  16  24  3  3  8  21  8  13  19  17  7  6  22  5  19  17  22  18  0  12  22  19  11  3  
19  4  11  13  1  9  20  20  4  19  11  22  15  15  11  17  7  2  15  9  23  11  15  16  1  12  7  24  1  8  16  7  17  7  13  18  23  19  18  21  1  10  13  15  12  9  15  13  8  8  7  2  24  18  3  11  3  22  7  13  1  12  16  2  3  9  3  16  5  18  0  14  15  16  1  12  19  19  12  24  11  15  2  14  16  19  15  20  2  12  22  5  12  18  10  0  9  18  21  23  
6  10  9  8  0  3  6  16  3  1  19  13  7  21  20  17  12  8  11  14  23  21  7  14  15  10  24  12  13  0  10  21  1  20  7  11  22  13  10  19  4  17  3  8  15  17  11  2  10  16  22  22  3  3  7  17  5  5  21  19  3  1  23  19  13  1  3  0  0  23  20  12  18  15  24  14  18  3  15  1  20  4  3  1  17  2  19  21  10  15  0  1  6  1  10  21  0  15  8  7  
17  18  8  21  8  3  9  10  20  13  10  19  1  12  22  12  24  6  15  14  8  8  4  3  6  1  0  12  2  21  0  10  23  12  5  14  20  22  23  13  6  8  2  23  13  3  3  21  20  8  13  10  7  13  7  10  14  9  3  20  2  21  1  23  20  2  9  10  20  4  12  7  8  24  16  15  16  13  24  19  2  1  24  5  19  19  15  21  1  4  15  1  12  18  6  9  10  0  9  6  
21  2  13  21  0  9  15  23  19  17  4  17  10  4  20  8  14  21  7  11  2  22  1  2  3  8  19  6  21  16  11  6  15  13  1  23  15  9  12  5  14  24  14  19  15  16  1  14  15  17  0  6  1  10  3  10  2  6  4  24  23  23  1  9  17  19  15  2  20  20  21  0  2  1  14  3  24  1  9  11  5  5  3  11  16  1  15  4  22  24  17  19  1  8  24  19  13  12  0  18  
5  4  0  12  1  2  21  5  16  11  6  21  19  1  12  11  17  13  24  12  10  10  7  24  7  24  2  4  11  9  14  23  8  23  12  17  5  24  8  19  21  16  15  6  7  13  11  22  15  18  15  10  22  1  18  14  9  9  0  19  19  9  21  2  8  13  24  22  3  17  22  19  2  19  19  0  18  20  23  15  12  10  23  21  23  17  4  21  17  7  10  15  16  9  16  19  15  6  12  0  
